2016 01 01 21 00
2016 01 04 17 09
2016 01 04 18 03
2016 01 04 20 20
2016 01 08 21 46
2016 01 09 19 06
2016 01 10 00 57
2016 01 10 12 23
2016 01 12 12 22
2016 01 12 14 38
2016 01 13 05 52
2016 01 15 06 18
2016 01 15 17 13
2016 01 16 20 49
2016 01 17 18 08
2016 01 18 15 56
2016 01 18 17 35
2016 01 19 10 00
2016 01 20 07 32
2016 01 20 08 10
2016 01 20 16 47
2016 01 21 11 16
2016 01 27 02 00
2016 01 27 20 52
2016 01 27 23 37
2016 02 01 19 58
2016 02 01 23 19
2016 02 02 04 04
2016 02 02 04 21
2016 02 03 17 35
2016 02 07 04 34
2016 02 07 09 35
2016 02 10 08 26
2016 02 13 07 30
2016 02 14 15 26
2016 02 15 17 29
2016 02 16 21 01
2016 02 17 17 24
2016 02 19 14 26
2016 02 19 19 59
2016 02 23 21 20
2016 02 23 22 44
2016 02 27 21 20
2016 03 01 08 30
2016 03 02 23 25
2016 03 04 15 25
2016 03 05 20 49
2016 03 06 00 24
2016 03 08 16 08
2016 03 09 16 33
2016 03 10 10 52
2016 03 10 20 52
2016 03 11 08 47
2016 03 12 14 58
2016 03 13 08 38
2016 03 16 15 01
2016 03 17 19 52
2016 03 19 12 09
2016 03 20 12 28
2016 03 21 06 55
2016 03 21 23 54
2016 03 22 10 13
2016 03 25 03 07
2016 03 27 12 42
2016 03 28 22 58
2016 04 01 14 08
2016 04 01 16 45
2016 04 05 08 20
2016 04 05 22 42
2016 04 06 00 11
2016 04 07 02 55
2016 04 07 03 34
2016 04 08 01 23
2016 04 09 23 24
2016 04 11 00 59
2016 04 12 23 01
2016 04 14 06 43
2016 04 14 16 16
2016 04 18 06 54
2016 04 20 13 17
2016 04 20 15 15
2016 04 21 21 39
2016 04 22 05 10
2016 04 23 00 07
2016 04 23 15 12
2016 04 24 07 44
2016 04 26 16 12
2016 04 27 22 32
2016 04 28 07 03
2016 04 28 07 44
2016 05 01 16 43
2016 05 02 15 04
2016 05 03 21 25
2016 05 04 01 58
2016 05 04 13 18
2016 05 05 20 32
2016 05 08 20 34
2016 05 09 20 18
2016 05 10 16 57
2016 05 11 03 23
2016 05 13 21 42
2016 05 15 06 12
2016 05 15 07 08
2016 05 16 09 28
2016 05 18 08 04
2016 05 18 12 36
2016 05 20 22 27
2016 05 22 03 59
2016 05 22 21 56
2016 05 24 01 36
2016 05 25 09 46
2016 05 26 21 08
2016 05 27 02 54
2016 05 27 08 53
2016 05 28 20 14
2016 05 28 22 51
2016 06 01 06 25
2016 06 08 04 16
2016 06 10 06 09
2016 06 16 07 06
2016 06 16 23 11
2016 06 17 12 14
2016 06 18 04 21
2016 06 18 22 04
2016 06 19 10 07
2016 06 20 20 37
2016 06 23 07 12
2016 06 24 03 58
2016 06 24 05 28
2016 06 24 13 00
2016 07 02 20 33
2016 07 05 06 23
2016 07 06 00 24
2016 07 06 05 13
2016 07 06 06 10
2016 07 08 12 08
2016 07 08 17 12
2016 07 09 16 48
2016 07 10 15 27
2016 07 11 12 31
2016 07 16 02 29
2016 07 17 06 24
2016 07 17 16 01
2016 07 23 07 49
2016 07 23 13 12
2016 07 23 18 28
2016 07 24 04 59
2016 07 25 19 58
2016 07 27 12 59
2016 08 02 00 52
2016 08 03 00 30
2016 08 03 12 37
2016 08 05 00 29
2016 08 05 20 07
2016 08 06 22 32
2016 08 09 22 17
2016 08 09 22 48
2016 08 10 22 39
2016 08 14 19 26
2016 08 14 20 33
2016 08 16 06 56
2016 08 17 00 53
2016 08 17 07 59
2016 08 17 17 41
2016 08 22 09 55
2016 08 22 13 25
2016 08 25 00 39
2016 08 25 06 37
2016 08 25 07 26
2016 08 27 02 28
2016 08 28 22 20
2016 09 01 06 16
2016 09 02 01 12
2016 09 03 10 10
2016 09 06 05 32
2016 09 07 14 19
2016 09 11 03 00
2016 09 13 08 26
2016 09 14 04 21
2016 09 14 11 38
2016 09 16 02 26
2016 09 17 17 30
2016 09 17 20 43
2016 09 19 02 38
2016 09 20 18 41
2016 09 23 08 59
2016 09 25 01 29
2016 09 25 05 06
2016 10 02 00 21
2016 10 02 21 32
2016 10 04 09 55
2016 10 06 02 07
2016 10 06 19 55
2016 10 07 05 13
2016 10 07 15 03
2016 10 08 01 24
2016 10 10 17 09
2016 10 10 17 59
2016 10 12 03 45
2016 10 14 23 10
2016 10 15 06 51
2016 10 15 20 33
2016 10 16 02 50
2016 10 17 23 31
2016 10 18 13 56
2016 10 20 08 30
2016 10 25 00 59
2016 10 25 12 09
2016 10 25 17 54
2016 10 27 11 06
2016 10 27 20 23
2016 10 28 11 01
2016 10 28 23 21
2016 11 01 01 30
2016 11 03 20 35
2016 11 04 09 55
2016 11 04 12 49
2016 11 06 03 23
2016 11 06 20 42
2016 11 10 02 11
2016 11 10 02 29
2016 11 10 22 06
2016 11 12 07 21
2016 11 14 08 04
2016 11 14 22 22
2016 11 16 23 03
2016 11 16 23 37
2016 11 17 01 01
2016 11 18 02 05
2016 11 19 10 12
2016 11 22 22 09
2016 11 23 01 03
2016 11 23 02 18
2016 12 01 22 43
2016 12 02 16 57
2016 12 02 21 27
2016 12 08 01 00
2016 12 08 11 39
2016 12 09 22 39
2016 12 11 19 33
2016 12 15 06 36
2016 12 16 03 52
2016 12 16 17 01
2016 12 17 09 36
2016 12 17 12 58
2016 12 17 22 19
2016 12 18 15 27
2016 12 19 03 47
2016 12 21 04 06
2016 12 25 09 17
2016 12 26 18 18
2016 12 26 20 12
2016 12 27 08 24
2016 12 27 12 58
2016 12 27 16 32
